   6.8680157e+01   2.1404557e+01   5.2424264e-01   7.7919826e+01   4.8807617e+01
   6.7921249e+01   2.3033312e+01   5.8378324e-01   7.9165402e+01   4.6746788e+01
   6.7148620e+01   2.4662068e+01   6.3376175e-01   8.0461845e+01   4.5267828e+01
   6.6369988e+01   2.6290823e+01   6.8465626e-01   8.1809156e+01   4.3788868e+01
   6.5593073e+01   2.7919578e+01   7.3646677e-01   8.3207335e+01   4.2309908e+01
   6.4819414e+01   2.9548333e+01   7.8919329e-01   8.4656381e+01   4.0830948e+01
   6.4016544e+01   3.1177089e+01   8.3860375e-01   8.6166267e+01   3.9596976e+01
   6.3242936e+01   3.2805844e+01   8.8727150e-01   8.7755769e+01   3.8483864e+01
   6.2508085e+01   3.4434599e+01   9.3691049e-01   8.9399206e+01   3.7370752e+01
   6.1821484e+01   3.6063355e+01   9.8700518e-01   9.1067950e+01   3.6257640e+01
   6.1192631e+01   3.7692110e+01   1.0370400e+00   9.2733370e+01   3.5144528e+01
   6.0631018e+01   3.9320865e+01   1.0846797e+00   9.4265783e+01   3.4031416e+01
   6.0073576e+01   4.0949620e+01   1.1295192e+00   9.5642693e+01   3.2918305e+01
   5.9570883e+01   4.2578376e+01   1.1751732e+00   9.7064837e+01   3.1805193e+01
   5.9085382e+01   4.4207131e+01   1.2189454e+00   9.8480911e+01   3.0790510e+01
   5.8570313e+01   4.5835886e+01   1.2557476e+00   9.9839613e+01   3.0105518e+01
   5.7978920e+01   4.7464642e+01   1.2905927e+00   1.0108964e+02   2.9420526e+01
   5.7462689e+01   4.9093397e+01   1.3225570e+00   1.0217969e+02   2.8735534e+01
   5.7039389e+01   5.0722152e+01   1.3568014e+00   1.0339635e+02   2.8050543e+01
   5.6588001e+01   5.2350908e+01   1.3865329e+00   1.0436241e+02   2.7365551e+01
   5.6117844e+01   5.3979663e+01   1.4120351e+00   1.0509360e+02   2.6680559e+01
   5.5638240e+01   5.5608418e+01   1.4375850e+00   1.0582745e+02   2.5995567e+01
   5.5158511e+01   5.7237173e+01   1.4654297e+00   1.0668872e+02   2.5310575e+01
   5.4687978e+01   5.8865929e+01   1.4931109e+00   1.0773609e+02   2.4820751e+01
   5.4235962e+01   6.0494684e+01   1.5196254e+00   1.0877049e+02   2.4382751e+01
   5.3811786e+01   6.2123439e+01   1.5412211e+00   1.0953174e+02   2.3944752e+01
   5.3424769e+01   6.3752195e+01   1.5532128e+00   1.0975967e+02   2.3506752e+01
   5.3027392e+01   6.5380950e+01   1.5542896e+00   1.0938147e+02   2.3068752e+01
   5.2676038e+01   6.7009705e+01   1.5483226e+00   1.0861211e+02   2.2630753e+01
   5.2375846e+01   6.8638460e+01   1.5367042e+00   1.0752891e+02   2.2192753e+01
   5.2115008e+01   7.0267216e+01   1.5208535e+00   1.0621069e+02   2.1754753e+01
   5.1881715e+01   7.1895971e+01   1.5021897e+00   1.0473626e+02   2.1316754e+01
   5.1664160e+01   7.3524726e+01   1.4809872e+00   1.0312084e+02   2.0878754e+01
   5.1450535e+01   7.5153482e+01   1.3705343e+00   9.6549180e+01   2.0440754e+01
   5.1229031e+01   7.6782237e+01   1.2748829e+00   9.0828804e+01   2.0032085e+01
   5.0999696e+01   7.8410992e+01   1.2280728e+00   8.7913013e+01   1.9715752e+01
   5.0756241e+01   8.0039747e+01   1.1893456e+00   8.5446084e+01   1.9399419e+01
   5.0500245e+01   8.1668503e+01   1.1542684e+00   8.3181846e+01   1.9083086e+01
   5.0235759e+01   8.3297258e+01   1.1144318e+00   8.0653307e+01   1.8766753e+01
   4.9966834e+01   8.4926013e+01   1.0855087e+00   7.8730818e+01   1.8450419e+01
   4.9697522e+01   8.6554769e+01   1.0901225e+00   7.8670700e+01   1.8134086e+01
   4.9431874e+01   8.8183524e+01   1.1489620e+00   8.1621840e+01   1.7817753e+01
   4.9173940e+01   8.9812279e+01   1.2425825e+00   8.6504432e+01   1.7501420e+01
   4.8935893e+01   9.1441035e+01   1.3344448e+00   9.1289393e+01   1.7185087e+01
   4.8725238e+01   9.3069790e+01   1.3865428e+00   9.3866163e+01   1.6868754e+01
   4.8527401e+01   9.4698545e+01   1.4214573e+00   9.5488700e+01   1.6552421e+01
   4.8343155e+01   9.6327300e+01   1.4526653e+00   9.6905403e+01   1.6236088e+01
   4.8173277e+01   9.7956056e+01   1.4763145e+00   9.7902358e+01   1.5919755e+01
   4.8018543e+01   9.9584811e+01   1.4885529e+00   9.8265646e+01   1.5603421e+01
   4.7879728e+01   1.0121357e+02   1.4855283e+00   9.7781352e+01   1.5287088e+01
   4.7757608e+01   1.0284232e+02   1.1245859e+00   7.7480903e+01   1.5030472e+01
   4.7652958e+01   1.0447108e+02   1.1079173e+00   7.6477795e+01   1.4953002e+01
   4.7567369e+01   1.0609983e+02   1.1086650e+00   7.6441849e+01   1.4875533e+01
   4.7521789e+01   1.0772859e+02   1.1211399e+00   7.7057135e+01   1.4798064e+01
   4.7482284e+01   1.0935734e+02   1.1396528e+00   7.8007723e+01   1.4720594e+01
   4.7447282e+01   1.1098610e+02   1.3216251e+00   8.8035526e+01   1.4643125e+01
   4.7415210e+01   1.1261485e+02   1.3555499e+00   8.9841967e+01   1.4565656e+01
   4.7384495e+01   1.1424361e+02   1.3855087e+00   9.1428166e+01   1.4488186e+01
   4.7353564e+01   1.1587236e+02   1.4123714e+00   9.2842435e+01   1.4410717e+01
   4.7320845e+01   1.1750112e+02   1.4460313e+00   9.4634168e+01   1.4333248e+01
   4.7284765e+01   1.1912987e+02   1.4748918e+00   9.6159377e+01   1.4255778e+01
   4.7243751e+01   1.2075863e+02   1.5048785e+00   9.7747126e+01   1.4178309e+01
   4.7196230e+01   1.2238739e+02   1.5270154e+00   9.8898963e+01   1.4100840e+01
   4.7140629e+01   1.2401614e+02   1.5227826e+00   9.8586440e+01   1.4023371e+01
   4.7075376e+01   1.2564490e+02   1.5113393e+00   9.7873501e+01   1.3945901e+01
   4.6998898e+01   1.2727365e+02   1.4939686e+00   9.6831403e+01   1.3868432e+01
   4.6909622e+01   1.2890241e+02   1.4718926e+00   9.5528008e+01   1.3790963e+01
   4.6790425e+01   1.3053116e+02   1.4178707e+00   9.2450597e+01   1.3713493e+01
   4.6622147e+01   1.3215992e+02   1.3484595e+00   8.8518593e+01   1.3636024e+01
   4.6431816e+01   1.3378867e+02   1.3128571e+00   8.6510051e+01   1.3604552e+01
   4.6224530e+01   1.3541743e+02   1.4059124e+00   9.1677593e+01   1.3604552e+01
   4.6005390e+01   1.3704618e+02   1.4580116e+00   9.4570759e+01   1.3604552e+01
   4.5779495e+01   1.3867494e+02   1.5166641e+00   9.7827847e+01   1.3604552e+01
   4.5551942e+01   1.4030369e+02   1.5628464e+00   1.0039244e+02   1.3604552e+01
   4.5327831e+01   1.4193245e+02   1.5659478e+00   1.0056466e+02   1.3604552e+01
   4.5112262e+01   1.4356120e+02   1.5617501e+00   1.0033156e+02   1.3604552e+01
   4.4910334e+01   1.4518996e+02   1.5528634e+00   9.9838064e+01   1.3604552e+01
   4.4727145e+01   1.4681871e+02   1.3430511e+00   8.8186779e+01   1.3604552e+01
   4.4546669e+01   1.4844747e+02   1.3262852e+00   8.7255740e+01   1.3604552e+01
   4.4390128e+01   1.5007623e+02   1.3118992e+00   8.6456854e+01   1.3604552e+01
   4.4264156e+01   1.5170498e+02   1.3009742e+00   8.5904637e+01   1.3659021e+01
   4.4165310e+01   1.5333374e+02   1.2755623e+00   8.5713609e+01   1.4879163e+01
   4.4090144e+01   1.5496249e+02   1.2662925e+00   8.5989628e+01   1.5669951e+01
   4.4035216e+01   1.5659125e+02   1.2887859e+00   8.6855939e+01   1.5287161e+01
   4.3997081e+01   1.5822000e+02   1.3196493e+00   8.8187055e+01   1.4904371e+01
   4.3972296e+01   1.5984876e+02   1.3543376e+00   8.9730573e+01   1.4521582e+01
   4.3957415e+01   1.6147751e+02   1.3883056e+00   9.1234090e+01   1.4138792e+01
   4.3950356e+01   1.6310627e+02   1.4170080e+00   9.2445203e+01   1.3756002e+01
   4.3946749e+01   1.6473502e+02   1.4358320e+00   9.3107747e+01   1.3373213e+01
   4.3945597e+01   1.6636378e+02   1.4456829e+00   9.3271996e+01   1.2990423e+01
   4.3946345e+01   1.6799253e+02   1.4503172e+00   9.3275124e+01   1.2736200e+01
   4.3948439e+01   1.6962129e+02   1.4513289e+00   9.3127951e+01   1.2532843e+01
   4.3951324e+01   1.7125004e+02   1.4498289e+00   9.2841294e+01   1.2329486e+01
   4.3954446e+01   1.7287880e+02   1.4460119e+00   9.2425973e+01   1.2126129e+01
   4.3957249e+01   1.7450755e+02   1.4400728e+00   9.1892806e+01   1.1922772e+01
   4.3959179e+01   1.7613631e+02   1.4322064e+00   9.1252613e+01   1.1719416e+01
   4.3959681e+01   1.7776506e+02   1.4226076e+00   9.0516213e+01   1.1516059e+01
   4.3958201e+01   1.7939382e+02   1.3075437e+00   8.4840149e+01   1.2229714e+01
   4.3954188e+01   1.8102258e+02   1.1838212e+00   7.9271083e+01   1.3531200e+01
   4.3947603e+01   1.8265133e+02   1.1884942e+00   8.0306201e+01   1.4306813e+01
   4.3939319e+01   1.8428009e+02   1.2296941e+00   8.2541628e+01   1.4254334e+01
   4.3930310e+01   1.8590884e+02   1.2698893e+00   8.4721268e+01   1.4201855e+01
   4.3921547e+01   1.8753760e+02   1.2864634e+00   8.5589179e+01   1.4149376e+01
   4.3914002e+01   1.8916635e+02   1.2979799e+00   8.6176232e+01   1.4096896e+01
   4.3908647e+01   1.9079511e+02   1.3088837e+00   8.6729264e+01   1.4044417e+01
   4.3906454e+01   1.9242386e+02   1.3190842e+00   8.7243239e+01   1.3991938e+01
   4.3908395e+01   1.9405262e+02   1.3284908e+00   8.7713124e+01   1.3939459e+01
   4.3915441e+01   1.9568137e+02   1.3370127e+00   8.8133882e+01   1.3886979e+01
   4.3928565e+01   1.9731013e+02   1.3445593e+00   8.8500480e+01   1.3834500e+01
   4.3948739e+01   1.9893888e+02   1.3513575e+00   8.8825521e+01   1.3782021e+01
   4.3984040e+01   2.0056764e+02   1.3598862e+00   8.9246659e+01   1.3729542e+01
   4.4034442e+01   2.0219639e+02   1.3682279e+00   8.9657410e+01   1.3677062e+01
   4.4096881e+01   2.0382515e+02   1.3745579e+00   8.9956444e+01   1.3624583e+01
   4.4170217e+01   2.0545390e+02   1.3682335e+00   9.0042432e+01   1.4061775e+01
   4.4253313e+01   2.0708266e+02   1.3508045e+00   8.9814046e+01   1.4801255e+01
   4.4345030e+01   2.0871142e+02   1.1860823e+00   8.1406181e+01   1.5540735e+01
   4.4444230e+01   2.1034017e+02   1.1491101e+00   8.0092525e+01   1.6280215e+01
   4.4549774e+01   2.1196893e+02   1.1355903e+00   8.0081224e+01   1.7019695e+01
   4.4660523e+01   2.1359768e+02   1.1395053e+00   8.0496709e+01   1.7217770e+01
   4.4762774e+01   2.1522644e+02   1.1483516e+00   8.0987961e+01   1.7217770e+01
   4.4867005e+01   2.1685519e+02   1.1601891e+00   8.1645317e+01   1.7217770e+01
   4.4977110e+01   2.1848395e+02   1.1753654e+00   8.2488086e+01   1.7217770e+01
   4.5094678e+01   2.2011270e+02   1.1912033e+00   8.3367594e+01   1.7217770e+01
   4.5221299e+01   2.2174146e+02   1.2050255e+00   8.4135169e+01   1.7217770e+01
   4.5358565e+01   2.2337021e+02   1.2156844e+00   8.4727077e+01   1.7217770e+01
   4.5508064e+01   2.2499897e+02   1.2264593e+00   8.5325431e+01   1.7217770e+01
   4.5671388e+01   2.2662772e+02   1.2351682e+00   8.5809052e+01   1.7217770e+01
   4.5850127e+01   2.2825648e+02   1.2348344e+00   8.6029527e+01   1.7456781e+01
   4.6045871e+01   2.2988523e+02   1.2209560e+00   8.5850419e+01   1.8048365e+01
   4.6280941e+01   2.3151399e+02   1.2044006e+00   8.5522646e+01   1.8639949e+01
   4.6547359e+01   2.3314274e+02   1.1855265e+00   8.5066115e+01   1.9231533e+01
   4.6825263e+01   2.3477150e+02   1.1643337e+00   8.4480825e+01   1.9823117e+01
   4.7106118e+01   2.3640026e+02   1.1409209e+00   8.3766776e+01   2.0409230e+01
   4.7381386e+01   2.3802901e+02   1.1152811e+00   8.2923969e+01   2.0990251e+01
   4.7642532e+01   2.3965777e+02   1.0873226e+00   8.1952403e+01   2.1571271e+01
   4.7881019e+01   2.4128652e+02   1.0570456e+00   8.0852079e+01   2.2152291e+01
   4.8088312e+01   2.4291528e+02   8.4515482e-01   6.9666395e+01   2.2733311e+01
   4.8255873e+01   2.4454403e+02   8.6239546e-01   7.1204821e+01   2.3314331e+01
   4.8366651e+01   2.4617279e+02   8.8356345e-01   7.3358789e+01   2.4292799e+01
   4.8437897e+01   2.4780154e+02   8.8976511e-01   7.5612965e+01   2.6202586e+01
   4.8479003e+01   2.4943030e+02   8.8849141e-01   7.7452021e+01   2.8112372e+01
   4.8494564e+01   2.5105905e+02   8.7632170e-01   7.8686001e+01   3.0022159e+01
   4.8489177e+01   2.5268781e+02   8.5938478e-01   7.9655248e+01   3.1931946e+01
   4.8467439e+01   2.5431656e+02   8.3717167e-01   8.0331497e+01   3.3841733e+01
   4.8433945e+01   2.5594532e+02   8.0968234e-01   8.0714749e+01   3.5751520e+01
   4.8393293e+01   2.5757407e+02   7.7696033e-01   8.0807419e+01   3.7661307e+01
   4.8350079e+01   2.5920283e+02   7.4061543e-01   8.0698903e+01   3.9571094e+01
   4.8308899e+01   2.6083158e+02   7.0165394e-01   8.0445083e+01   4.1480881e+01
   4.8269656e+01   2.6246034e+02   6.6398669e-01   8.0060616e+01   4.3188149e+01
   4.8234217e+01   2.6408910e+02   6.6473995e-01   7.9560161e+01   4.2645864e+01
   4.8198372e+01   2.6571785e+02   6.6366849e-01   7.8958376e+01   4.2103579e+01
   4.8152438e+01   2.6734661e+02   6.6103627e-01   7.8269918e+01   4.1561294e+01
   4.8086735e+01   2.6897536e+02   3.5780605e-01   6.0888672e+01   4.1019009e+01
   4.7991578e+01   2.7060412e+02   3.3345038e-01   5.8993869e+01   4.0476724e+01
   4.7857286e+01   2.7223287e+02   3.1416572e-01   5.7543840e+01   4.0097608e+01
   4.7674177e+01   2.7386163e+02   3.0704969e-01   5.6823301e+01   3.9772237e+01
   4.7453651e+01   2.7549038e+02   3.0941795e-01   5.6629444e+01   3.9446866e+01
   4.7208294e+01   2.7711914e+02   3.1457838e-01   5.6590641e+01   3.9121495e+01
   4.6936543e+01   2.7874789e+02   3.2160713e-01   5.6655590e+01   3.8796124e+01
   4.6651407e+01   2.8037665e+02   3.2958035e-01   5.6772988e+01   3.8470752e+01
   4.6365894e+01   2.8200540e+02   3.3732640e-01   5.6891530e+01   3.8159142e+01
   4.6093014e+01   2.8363416e+02   3.4164161e-01   5.6959915e+01   3.7987894e+01
   4.5845774e+01   2.8526291e+02   3.4517955e-01   5.6985135e+01   3.7816646e+01
   4.5637185e+01   2.8689167e+02   3.4948365e-01   5.7052902e+01   3.7645398e+01
   4.5480254e+01   2.8852042e+02   3.5365926e-01   5.7113534e+01   3.7474150e+01
   4.5381527e+01   2.9014918e+02   3.5670242e-01   5.7111278e+01   3.7302902e+01
   4.5393935e+01   2.9177794e+02   3.5760916e-01   5.6990383e+01   3.7131654e+01
   4.5558807e+01   2.9340669e+02   3.5100447e-01   5.6452364e+01   3.6960406e+01
   4.5840122e+01   2.9503545e+02   3.3885081e-01   5.5606199e+01   3.6789157e+01
   4.6201860e+01   2.9666420e+02   3.2081196e-01   5.4896700e+01   3.7081390e+01
   4.6608001e+01   2.9829296e+02   3.0771416e-01   5.4711638e+01   3.7623675e+01
   4.6974096e+01   2.9992171e+02   2.9667939e-01   5.4641140e+01   3.8165959e+01
   4.7267939e+01   3.0155047e+02   2.8976244e-01   5.4608667e+01   3.8517597e+01
   4.7554975e+01   3.0317922e+02   2.8345483e-01   5.4607005e+01   3.8866209e+01
   4.7834891e+01   3.0480798e+02   2.7757218e-01   5.4628942e+01   3.9214821e+01
   4.8107376e+01   3.0643673e+02   2.7198461e-01   5.4667266e+01   3.9563434e+01
   4.8372118e+01   3.0806549e+02   2.6656225e-01   5.4714764e+01   3.9912046e+01
   4.8628807e+01   3.0969424e+02   2.6117521e-01   5.4764223e+01   4.0260658e+01
   4.8877130e+01   3.1132300e+02   2.5893229e-01   5.4810343e+01   4.0431332e+01
   4.9155759e+01   3.1295175e+02   2.5782071e-01   5.4864819e+01   4.0547536e+01
   4.9468215e+01   3.1458051e+02   2.5691269e-01   5.4930599e+01   4.0663740e+01
   4.9755518e+01   3.1620926e+02   2.5620822e-01   5.5007682e+01   4.0779944e+01
   5.0011959e+01   3.1783802e+02   2.5570731e-01   5.5096070e+01   4.0896148e+01
   5.0231831e+01   3.1946678e+02   2.5540996e-01   5.5195761e+01   4.1012351e+01
   5.0409426e+01   3.2109553e+02   2.5073866e-01   5.5306757e+01   4.1382753e+01
   5.0540432e+01   3.2272429e+02   2.4247817e-01   5.5429056e+01   4.1963773e+01
   5.0637277e+01   3.2435304e+02   2.3457578e-01   5.5571241e+01   4.2544793e+01
   5.0723425e+01   3.2598180e+02   2.2775685e-01   5.5773592e+01   4.3125813e+01
   5.0822536e+01   3.2761055e+02   2.2164930e-01   5.6015448e+01   4.3706834e+01
   5.0958267e+01   3.2923931e+02   2.1581815e-01   5.6272653e+01   4.4287854e+01
   5.1154280e+01   3.3086806e+02   2.0639525e-01   5.6521051e+01   4.5059523e+01
   5.1329123e+01   3.3249682e+02   1.8934912e-01   5.6736487e+01   4.6221564e+01
   5.1531717e+01   3.3412557e+02   1.7127442e-01   5.6894804e+01   4.7383604e+01
   5.1778104e+01   3.3575433e+02   1.5337142e-01   5.6974533e+01   4.8457521e+01
   5.2073898e+01   3.3738308e+02   1.4002074e-01   5.6992343e+01   4.9216720e+01
   5.2424710e+01   3.3901184e+02   1.2566058e-01   5.6954095e+01   4.9975919e+01
   5.2836154e+01   3.4064059e+02   1.1029095e-01   5.6859788e+01   5.0735118e+01
   5.3313843e+01   3.4226935e+02   9.3911844e-02   5.6709424e+01   5.1494317e+01
   5.3863388e+01   3.4389810e+02   7.6523262e-02   5.6503002e+01   5.2253517e+01
   5.4490404e+01   3.4552686e+02   5.8125204e-02   5.6240521e+01   5.3012716e+01
