   6.6227560e+01   1.6740185e+01   4.7294468e-01   7.9640367e+01   5.2814753e+01
   6.5846641e+01   1.7989544e+01   4.8816063e-01   7.9690975e+01   5.2002306e+01
   6.5468463e+01   1.9238904e+01   5.0320830e-01   7.9739552e+01   5.1197373e+01
   6.5093064e+01   2.0488263e+01   5.1808905e-01   7.9786174e+01   5.0399953e+01
   6.4720481e+01   2.1737623e+01   5.3280419e-01   7.9830916e+01   4.9610046e+01
   6.4350751e+01   2.2986982e+01   5.4735501e-01   7.9873850e+01   4.8827651e+01
   6.3983909e+01   2.4236342e+01   5.6174280e-01   7.9915049e+01   4.8052770e+01
   6.3619991e+01   2.5485701e+01   5.7596878e-01   7.9954583e+01   4.7285400e+01
   6.3259031e+01   2.6735060e+01   5.9003417e-01   7.9992520e+01   4.6525542e+01
   6.2901062e+01   2.7984420e+01   6.0394019e-01   8.0028929e+01   4.5773196e+01
   6.2546118e+01   2.9233779e+01   6.1768798e-01   8.0063874e+01   4.5028361e+01
   6.2194230e+01   3.0483139e+01   6.3127870e-01   8.0097422e+01   4.4291038e+01
   6.1845430e+01   3.1732498e+01   6.4471346e-01   8.0129635e+01   4.3561225e+01
   6.1499749e+01   3.2981857e+01   6.5799337e-01   8.0160574e+01   4.2838923e+01
   6.1157217e+01   3.4231217e+01   6.7111948e-01   8.0190302e+01   4.2124132e+01
   6.0817863e+01   3.5480576e+01   6.8409285e-01   8.0218875e+01   4.1416851e+01
   6.0481716e+01   3.6729936e+01   6.9691449e-01   8.0246352e+01   4.0717079e+01
   6.0148804e+01   3.7979295e+01   7.0958540e-01   8.0272790e+01   4.0024817e+01
   5.9819153e+01   3.9228655e+01   7.2210655e-01   8.0298242e+01   3.9340065e+01
   5.9492792e+01   4.0478014e+01   7.3447887e-01   8.0322762e+01   3.8662822e+01
   5.9169745e+01   4.1727373e+01   7.4670330e-01   8.0346402e+01   3.7993088e+01
   5.8850037e+01   4.2976733e+01   7.5878073e-01   8.0369213e+01   3.7330862e+01
   5.8533694e+01   4.4226092e+01   7.7071202e-01   8.0391243e+01   3.6676145e+01
   5.8220738e+01   4.5475452e+01   7.8249802e-01   8.0412541e+01   3.6028936e+01
   5.7911193e+01   4.6724811e+01   7.9413954e-01   8.0433152e+01   3.5389234e+01
   5.7605081e+01   4.7974171e+01   8.0563740e-01   8.0453121e+01   3.4757041e+01
   5.7302423e+01   4.9223530e+01   8.1699234e-01   8.0472492e+01   3.4132354e+01
   5.7003241e+01   5.0472889e+01   8.2820513e-01   8.0491307e+01   3.3515175e+01
   5.6707554e+01   5.1722249e+01   8.3927647e-01   8.0509605e+01   3.2905503e+01
   5.6415382e+01   5.2971608e+01   8.5020707e-01   8.0527428e+01   3.2303337e+01
   5.6126744e+01   5.4220968e+01   8.6099759e-01   8.0544811e+01   3.1708678e+01
   5.5841658e+01   5.5470327e+01   8.7164868e-01   8.0561792e+01   3.1121524e+01
   5.5560141e+01   5.6719687e+01   8.8216096e-01   8.0578405e+01   3.0541877e+01
   5.5282209e+01   5.7969046e+01   8.9253502e-01   8.0594684e+01   2.9969735e+01
   5.5007880e+01   5.9218405e+01   9.0277143e-01   8.0610661e+01   2.9405099e+01
   5.4737167e+01   6.0467765e+01   9.1287074e-01   8.0626366e+01   2.8847967e+01
   5.4470085e+01   6.1717124e+01   9.2283346e-01   8.0641829e+01   2.8298340e+01
   5.4206648e+01   6.2966484e+01   9.3266010e-01   8.0657078e+01   2.7756218e+01
   5.3946870e+01   6.4215843e+01   9.4235113e-01   8.0672139e+01   2.7221601e+01
   5.3690762e+01   6.5465202e+01   9.5190698e-01   8.0687037e+01   2.6694487e+01
   5.3438336e+01   6.6714562e+01   9.6132808e-01   8.0701796e+01   2.6174877e+01
   5.3189604e+01   6.7963921e+01   9.7061482e-01   8.0716437e+01   2.5662770e+01
   5.2944575e+01   6.9213281e+01   9.7976757e-01   8.0730982e+01   2.5158167e+01
   5.2703259e+01   7.0462640e+01   9.8878668e-01   8.0745450e+01   2.4661067e+01
   5.2465664e+01   7.1712000e+01   9.9767247e-01   8.0759858e+01   2.4171470e+01
   5.2231800e+01   7.2961359e+01   1.0064252e+00   8.0774224e+01   2.3689375e+01
   5.2001672e+01   7.4210718e+01   1.0150452e+00   8.0788562e+01   2.3214783e+01
   5.1775289e+01   7.5460078e+01   1.0235327e+00   8.0802886e+01   2.2747692e+01
   5.1552656e+01   7.6709437e+01   1.0318880e+00   8.0817208e+01   2.2288104e+01
   5.1333778e+01   7.7958797e+01   1.0401111e+00   8.0831539e+01   2.1836017e+01
   5.1118660e+01   7.9208156e+01   1.0482023e+00   8.0845889e+01   2.1391431e+01
   5.0907305e+01   8.0457516e+01   1.0561617e+00   8.0860265e+01   2.0954346e+01
   5.0699718e+01   8.1706875e+01   1.0639894e+00   8.0874674e+01   2.0524761e+01
   5.0495899e+01   8.2956234e+01   1.0716856e+00   8.0889121e+01   2.0102678e+01
   5.0295852e+01   8.4205594e+01   1.0792503e+00   8.0903610e+01   1.9688094e+01
   5.0099577e+01   8.5454953e+01   1.0866836e+00   8.0918144e+01   1.9281011e+01
   4.9907075e+01   8.6704313e+01   1.0939854e+00   8.0932722e+01   1.8881427e+01
   4.9718344e+01   8.7953672e+01   1.1011558e+00   8.0947346e+01   1.8489343e+01
   4.9533385e+01   8.9203031e+01   1.1081947e+00   8.0962012e+01   1.8104758e+01
   4.9352194e+01   9.0452391e+01   1.1151021e+00   8.0976717e+01   1.7727672e+01
   4.9174771e+01   9.1701750e+01   1.1218779e+00   8.0991457e+01   1.7358084e+01
   4.9001110e+01   9.2951110e+01   1.1285221e+00   8.1006226e+01   1.6995995e+01
   4.8831210e+01   9.4200469e+01   1.1350344e+00   8.1021015e+01   1.6641405e+01
   4.8665064e+01   9.5449829e+01   1.1414147e+00   8.1035816e+01   1.6294312e+01
   4.8502668e+01   9.6699188e+01   1.1476628e+00   8.1050619e+01   1.5954717e+01
   4.8344015e+01   9.7948547e+01   1.1537786e+00   8.1065412e+01   1.5622619e+01
   4.8189100e+01   9.9197907e+01   1.1597618e+00   8.1080180e+01   1.5298019e+01
   4.8037913e+01   1.0044727e+02   1.1656122e+00   8.1094911e+01   1.4980915e+01
   4.7890448e+01   1.0169663e+02   1.1713294e+00   8.1109587e+01   1.4671308e+01
   4.7746695e+01   1.0294599e+02   1.1769132e+00   8.1124191e+01   1.4369198e+01
   4.7606644e+01   1.0419534e+02   1.1823632e+00   8.1138705e+01   1.4074583e+01
   4.7470286e+01   1.0544470e+02   1.1876791e+00   8.1153107e+01   1.3787465e+01
   4.7337610e+01   1.0669406e+02   1.1928605e+00   8.1167377e+01   1.3507842e+01
   4.7208603e+01   1.0794342e+02   1.1979071e+00   8.1181490e+01   1.3235715e+01
   4.7083253e+01   1.0919278e+02   1.2028183e+00   8.1195423e+01   1.2971083e+01
   4.6961547e+01   1.1044214e+02   1.2075937e+00   8.1209149e+01   1.2713945e+01
   4.6843472e+01   1.1169150e+02   1.2122328e+00   8.1222642e+01   1.2464303e+01
   4.6729013e+01   1.1294086e+02   1.2167352e+00   8.1235871e+01   1.2222155e+01
   4.6618154e+01   1.1419022e+02   1.2211003e+00   8.1248807e+01   1.1987500e+01
   4.6510879e+01   1.1543958e+02   1.2253276e+00   8.1261418e+01   1.1760340e+01
   4.6407173e+01   1.1668894e+02   1.2294164e+00   8.1273672e+01   1.1540673e+01
   4.6307017e+01   1.1793830e+02   1.2333662e+00   8.1285533e+01   1.1328500e+01
   4.6210393e+01   1.1918766e+02   1.2371764e+00   8.1296966e+01   1.1123820e+01
   4.6117283e+01   1.2043702e+02   1.2408462e+00   8.1307933e+01   1.0926633e+01
   4.6027667e+01   1.2168638e+02   1.2443751e+00   8.1318396e+01   1.0736938e+01
   4.5941525e+01   1.2293574e+02   1.2477622e+00   8.1328315e+01   1.0554735e+01
   4.5858836e+01   1.2418510e+02   1.2510069e+00   8.1337647e+01   1.0380025e+01
   4.5779578e+01   1.2543445e+02   1.2541085e+00   8.1346350e+01   1.0212807e+01
   4.5703730e+01   1.2668381e+02   1.2570661e+00   8.1354380e+01   1.0053080e+01
   4.5631267e+01   1.2793317e+02   1.2598790e+00   8.1361690e+01   9.9008441e+00
   4.5562167e+01   1.2918253e+02   1.2625462e+00   8.1368234e+01   9.7560996e+00
   4.5496404e+01   1.3043189e+02   1.2650670e+00   8.1373963e+01   9.6188460e+00
   4.5433954e+01   1.3168125e+02   1.2674406e+00   8.1378826e+01   9.4890828e+00
   4.5374791e+01   1.3293061e+02   1.2696658e+00   8.1382772e+01   9.3668100e+00
   4.5318888e+01   1.3417997e+02   1.2717420e+00   8.1385749e+01   9.2520273e+00
   4.5266218e+01   1.3542933e+02   1.2736680e+00   8.1387702e+01   9.1447343e+00
   4.5216753e+01   1.3667869e+02   1.2754430e+00   8.1388574e+01   9.0449309e+00
   4.5170464e+01   1.3792805e+02   1.2770658e+00   8.1388310e+01   8.9526168e+00
   4.5127321e+01   1.3917741e+02   1.2785356e+00   8.1386851e+01   8.8677917e+00
   4.5087295e+01   1.4042677e+02   1.2798512e+00   8.1384135e+01   8.7904554e+00
   4.5050355e+01   1.4167613e+02   1.2810116e+00   8.1380103e+01   8.7206076e+00
   4.5016470e+01   1.4292549e+02   1.2820156e+00   8.1374691e+01   8.6582481e+00
   4.4985606e+01   1.4417485e+02   1.2828621e+00   8.1367836e+01   8.6033766e+00
   4.4957731e+01   1.4542421e+02   1.2835500e+00   8.1359470e+01   8.5559929e+00
   4.4932812e+01   1.4667356e+02   1.2840781e+00   8.1349528e+01   8.5160966e+00
   4.4910814e+01   1.4792292e+02   1.2844452e+00   8.1337940e+01   8.4836877e+00
   4.4891702e+01   1.4917228e+02   1.2846500e+00   8.1324637e+01   8.4587657e+00
   4.4875439e+01   1.5042164e+02   1.2846914e+00   8.1309548e+01   8.4413305e+00
   4.4861991e+01   1.5167100e+02   1.2845680e+00   8.1292600e+01   8.4313817e+00
   4.4851319e+01   1.5292036e+02   1.2842785e+00   8.1273718e+01   8.4289192e+00
   4.4843385e+01   1.5416972e+02   1.2838216e+00   8.1252828e+01   8.4339427e+00
   4.4838151e+01   1.5541908e+02   1.2831960e+00   8.1229851e+01   8.4464519e+00
   4.4835578e+01   1.5666844e+02   1.2824003e+00   8.1204710e+01   8.4664466e+00
   4.4835626e+01   1.5791780e+02   1.2814330e+00   8.1177325e+01   8.4939265e+00
   4.4838253e+01   1.5916716e+02   1.2802927e+00   8.1147615e+01   8.5288913e+00
   4.4843419e+01   1.6041652e+02   1.2789781e+00   8.1115496e+01   8.5713409e+00
   4.4851080e+01   1.6166588e+02   1.2774875e+00   8.1080886e+01   8.6212749e+00
   4.4861195e+01   1.6291524e+02   1.2758196e+00   8.1043697e+01   8.6786931e+00
   4.4873720e+01   1.6416460e+02   1.2739727e+00   8.1003845e+01   8.7435953e+00
   4.4888610e+01   1.6541396e+02   1.2719454e+00   8.0961239e+01   8.8159811e+00
   4.4905821e+01   1.6666332e+02   1.2697360e+00   8.0915791e+01   8.8958504e+00
   4.4925306e+01   1.6791268e+02   1.2673429e+00   8.0867409e+01   8.9832029e+00
   4.4947020e+01   1.6916203e+02   1.2647646e+00   8.0816001e+01   9.0780383e+00
   4.4970915e+01   1.7041139e+02   1.2619994e+00   8.0761473e+01   9.1803563e+00
   4.4996943e+01   1.7166075e+02   1.2590455e+00   8.0703729e+01   9.2901568e+00
   4.5025056e+01   1.7291011e+02   1.2559013e+00   8.0642672e+01   9.4074394e+00
   4.5055204e+01   1.7415947e+02   1.2525651e+00   8.0578205e+01   9.5322040e+00
   4.5087339e+01   1.7540883e+02   1.2490351e+00   8.0510227e+01   9.6644502e+00
   4.5121408e+01   1.7665819e+02   1.2453095e+00   8.0438638e+01   9.8041778e+00
   4.5157361e+01   1.7790755e+02   1.2413865e+00   8.0363335e+01   9.9513865e+00
   4.5195145e+01   1.7915691e+02   1.2372644e+00   8.0284214e+01   1.0106076e+01
   4.5234708e+01   1.8040627e+02   1.2329412e+00   8.0201170e+01   1.0268246e+01
   4.5275996e+01   1.8165563e+02   1.2284150e+00   8.0114096e+01   1.0437897e+01
   4.5318956e+01   1.8290499e+02   1.2236840e+00   8.0022884e+01   1.0615028e+01
   4.5363531e+01   1.8415435e+02   1.2187463e+00   7.9927424e+01   1.0799638e+01
   4.5409667e+01   1.8540371e+02   1.2135999e+00   7.9827606e+01   1.0991729e+01
   4.5457307e+01   1.8665307e+02   1.2082427e+00   7.9723317e+01   1.1191298e+01
   4.5506395e+01   1.8790243e+02   1.2026729e+00   7.9614443e+01   1.1398347e+01
   4.5556872e+01   1.8915179e+02   1.1968884e+00   7.9500868e+01   1.1612875e+01
   4.5608679e+01   1.9040114e+02   1.1908870e+00   7.9382478e+01   1.1834881e+01
   4.5661759e+01   1.9165050e+02   1.1846669e+00   7.9259152e+01   1.2064365e+01
   4.5716050e+01   1.9289986e+02   1.1782258e+00   7.9130772e+01   1.2301328e+01
   4.5771493e+01   1.9414922e+02   1.1715616e+00   7.8997217e+01   1.2545768e+01
   4.5828026e+01   1.9539858e+02   1.1646722e+00   7.8858365e+01   1.2797686e+01
   4.5885587e+01   1.9664794e+02   1.1575554e+00   7.8714092e+01   1.3057082e+01
   4.5944113e+01   1.9789730e+02   1.1502089e+00   7.8564272e+01   1.3323954e+01
   4.6003541e+01   1.9914666e+02   1.1426307e+00   7.8408779e+01   1.3598303e+01
   4.6063807e+01   2.0039602e+02   1.1348183e+00   7.8247485e+01   1.3880129e+01
   4.6124846e+01   2.0164538e+02   1.1267696e+00   7.8080261e+01   1.4169431e+01
   4.6186593e+01   2.0289474e+02   1.1184822e+00   7.7906976e+01   1.4466209e+01
   4.6248981e+01   2.0414410e+02   1.1099539e+00   7.7727498e+01   1.4770463e+01
   4.6311943e+01   2.0539346e+02   1.1011822e+00   7.7541693e+01   1.5082193e+01
   4.6375412e+01   2.0664282e+02   1.0921647e+00   7.7349426e+01   1.5401398e+01
   4.6439319e+01   2.0789218e+02   1.0828992e+00   7.7150560e+01   1.5728077e+01
   4.6503595e+01   2.0914154e+02   1.0733831e+00   7.6944958e+01   1.6062232e+01
   4.6568171e+01   2.1039090e+02   1.0636140e+00   7.6732480e+01   1.6403861e+01
   4.6632975e+01   2.1164025e+02   1.0535894e+00   7.6512986e+01   1.6752965e+01
   4.6697937e+01   2.1288961e+02   1.0433069e+00   7.6286333e+01   1.7109542e+01
   4.6762986e+01   2.1413897e+02   1.0327638e+00   7.6052378e+01   1.7473593e+01
   4.6828047e+01   2.1538833e+02   1.0219577e+00   7.5810976e+01   1.7845118e+01
   4.6893048e+01   2.1663769e+02   1.0108860e+00   7.5561980e+01   1.8224116e+01
   4.6957915e+01   2.1788705e+02   9.9954603e-01   7.5305243e+01   1.8610587e+01
   4.7022573e+01   2.1913641e+02   9.8793520e-01   7.5040616e+01   1.9004530e+01
   4.7086947e+01   2.2038577e+02   9.7605085e-01   7.4767947e+01   1.9405946e+01
   4.7150960e+01   2.2163513e+02   9.6389032e-01   7.4487086e+01   1.9814835e+01
   4.7214536e+01   2.2288449e+02   9.5145090e-01   7.4197877e+01   2.0231195e+01
   4.7277597e+01   2.2413385e+02   9.3872987e-01   7.3900167e+01   2.0655027e+01
   4.7340065e+01   2.2538321e+02   9.2572447e-01   7.3593799e+01   2.1086331e+01
   4.7401860e+01   2.2663257e+02   9.1243192e-01   7.3278615e+01   2.1525106e+01
   4.7462904e+01   2.2788193e+02   8.9884944e-01   7.2954457e+01   2.1971351e+01
   4.7523115e+01   2.2913129e+02   8.8497418e-01   7.2621163e+01   2.2425068e+01
   4.7582413e+01   2.3038065e+02   8.7080330e-01   7.2278572e+01   2.2886255e+01
   4.7640716e+01   2.3163001e+02   8.5633393e-01   7.1926520e+01   2.3354912e+01
   4.7697941e+01   2.3287937e+02   8.4156315e-01   7.1564843e+01   2.3831039e+01
   4.7754005e+01   2.3412872e+02   8.2648805e-01   7.1193374e+01   2.4314636e+01
   4.7808824e+01   2.3537808e+02   8.1110568e-01   7.0811945e+01   2.4805702e+01
   4.7862313e+01   2.3662744e+02   7.9541305e-01   7.0420388e+01   2.5304237e+01
   4.7914387e+01   2.3787680e+02   7.7940717e-01   7.0018533e+01   2.5810241e+01
   4.7964960e+01   2.3912616e+02   7.6308501e-01   6.9606206e+01   2.6323714e+01
   4.8013946e+01   2.4037552e+02   7.4644353e-01   6.9183236e+01   2.6844656e+01
   4.8061256e+01   2.4162488e+02   7.2947963e-01   6.8749446e+01   2.7373065e+01
   4.8106802e+01   2.4287424e+02   7.1219024e-01   6.8304662e+01   2.7908943e+01
   4.8150496e+01   2.4412360e+02   6.9457221e-01   6.7848705e+01   2.8452288e+01
   4.8192249e+01   2.4537296e+02   6.7662239e-01   6.7381397e+01   2.9003100e+01
   4.8231968e+01   2.4662232e+02   6.5833762e-01   6.6902557e+01   2.9561380e+01
   4.8269565e+01   2.4787168e+02   6.3971469e-01   6.6412003e+01   3.0127126e+01
   4.8304946e+01   2.4912104e+02   6.2075037e-01   6.5909553e+01   3.0700339e+01
   4.8338020e+01   2.5037040e+02   6.0144142e-01   6.5395020e+01   3.1281019e+01
   4.8368693e+01   2.5161976e+02   5.8178455e-01   6.4868221e+01   3.1869165e+01
   4.8396871e+01   2.5286912e+02   5.6177648e-01   6.4328966e+01   3.2464776e+01
   4.8422460e+01   2.5411848e+02   5.4141386e-01   6.3777067e+01   3.3067853e+01
   4.8445365e+01   2.5536783e+02   5.2069336e-01   6.3212335e+01   3.3678396e+01
   4.8465489e+01   2.5661719e+02   4.9961159e-01   6.2634576e+01   3.4296403e+01
   4.8482737e+01   2.5786655e+02   4.7816516e-01   6.2043598e+01   3.4921876e+01
   4.8497010e+01   2.5911591e+02   4.5635064e-01   6.1439206e+01   3.5554813e+01
   4.8508210e+01   2.6036527e+02   4.3416458e-01   6.0821205e+01   3.6195214e+01
   4.8516238e+01   2.6161463e+02   4.1160350e-01   6.0189397e+01   3.6843080e+01
   4.8520996e+01   2.6286399e+02   3.8866391e-01   5.9543584e+01   3.7498409e+01
   4.8522383e+01   2.6411335e+02   3.6534227e-01   5.8883564e+01   3.8161202e+01
   4.8520297e+01   2.6536271e+02   3.4163505e-01   5.8209136e+01   3.8831458e+01
